11 11
237 28 36
237 28 36
237 28 36
237 28 36
237 28 36
237 28 36
237 28 36
237 28 36
237 28 36
237 28 36
237 28 36
237 28 36
0 0 0
0 0 0
0 0 0
0 0 0
0 0 0
0 0 0
0 0 0
0 0 0
0 0 0
237 28 36
237 28 36
0 0 0
255 242 0
255 242 0
255 242 0
255 242 0
255 242 0
255 242 0
255 242 0
0 0 0
237 28 36
237 28 36
0 0 0
255 242 0
0 0 0
255 242 0
255 242 0
255 242 0
0 0 0
255 242 0
0 0 0
237 28 36
237 28 36
0 0 0
255 242 0
255 242 0
255 242 0
255 242 0
255 242 0
255 242 0
255 242 0
0 0 0
237 28 36
237 28 36
0 0 0
255 242 0
255 242 0
255 242 0
0 0 0
255 242 0
255 242 0
255 242 0
0 0 0
237 28 36
237 28 36
0 0 0
255 242 0
0 0 0
255 242 0
255 242 0
255 242 0
0 0 0
255 242 0
0 0 0
237 28 36
237 28 36
0 0 0
255 242 0
0 0 0
0 0 0
0 0 0
0 0 0
0 0 0
255 242 0
0 0 0
237 28 36
237 28 36
0 0 0
255 242 0
255 242 0
255 242 0
255 242 0
255 242 0
255 242 0
255 242 0
0 0 0
237 28 36
237 28 36
0 0 0
0 0 0
0 0 0
0 0 0
0 0 0
0 0 0
0 0 0
0 0 0
0 0 0
237 28 36
237 28 36
237 28 36
237 28 36
237 28 36
237 28 36
237 28 36
237 28 36
237 28 36
237 28 36
237 28 36
237 28 36
